<?xml version="1.0"?>
<opencv_storage>
<rvecs_r>
  <_ type_id="opencv-matrix">
    <rows>3</rows>
    <cols>1</cols>
    <dt>d</dt>
    <data>
      2.1555666625022987e+00 -2.0727687490425701e+00
      7.9880640822081864e-02</data></_>
  <_ type_id="opencv-matrix">
    <rows>3</rows>
    <cols>1</cols>
    <dt>d</dt>
    <data>
      2.0081869231771319e+00 -1.9878184011330773e+00
      -1.4595637890453977e-01</data></_>
  <_ type_id="opencv-matrix">
    <rows>3</rows>
    <cols>1</cols>
    <dt>d</dt>
    <data>
      1.9046712657627045e+00 -1.9004722620661516e+00
      -3.8850763840270336e-01</data></_>
  <_ type_id="opencv-matrix">
    <rows>3</rows>
    <cols>1</cols>
    <dt>d</dt>
    <data>
      1.9471302441225502e+00 -1.7377438751484677e+00
      -5.3310685169568439e-01</data></_>
  <_ type_id="opencv-matrix">
    <rows>3</rows>
    <cols>1</cols>
    <dt>d</dt>
    <data>
      2.2759815903867282e+00 -1.6043567605800155e+00
      -2.9579494852907129e-01</data></_>
  <_ type_id="opencv-matrix">
    <rows>3</rows>
    <cols>1</cols>
    <dt>d</dt>
    <data>
      1.9671105730511076e+00 -1.9548070626489735e+00
      -1.7246643131812947e-01</data></_>
  <_ type_id="opencv-matrix">
    <rows>3</rows>
    <cols>1</cols>
    <dt>d</dt>
    <data>
      1.8143833558822731e+00 -1.8654194632635417e+00
      -3.9924524472941203e-01</data></_>
  <_ type_id="opencv-matrix">
    <rows>3</rows>
    <cols>1</cols>
    <dt>d</dt>
    <data>
      1.8223863591182519e+00 -1.8609034007254641e+00
      -3.7380067051622523e-01</data></_>
  <_ type_id="opencv-matrix">
    <rows>3</rows>
    <cols>1</cols>
    <dt>d</dt>
    <data>
      2.0829011658200223e+00 -2.0418395091877062e+00
      -8.0147339362274708e-02</data></_>
  <_ type_id="opencv-matrix">
    <rows>3</rows>
    <cols>1</cols>
    <dt>d</dt>
    <data>
      1.9480227806079784e+00 -2.0583097947195221e+00
      9.4252654116093557e-02</data></_>
  <_ type_id="opencv-matrix">
    <rows>3</rows>
    <cols>1</cols>
    <dt>d</dt>
    <data>
      2.2927718701423654e+00 -1.6648149755126895e+00
      -3.7650555416403836e-01</data></_>
  <_ type_id="opencv-matrix">
    <rows>3</rows>
    <cols>1</cols>
    <dt>d</dt>
    <data>
      2.1133312012484042e+00 -2.0473652334823305e+00
      3.3403848033347272e-01</data></_>
  <_ type_id="opencv-matrix">
    <rows>3</rows>
    <cols>1</cols>
    <dt>d</dt>
    <data>
      1.8887093955309551e+00 -1.9570342358760073e+00
      -4.0230091890029718e-01</data></_></rvecs_r>
</opencv_storage>
