<?xml version="1.0"?>
<opencv_storage>
<tvecs_l>
  <_ type_id="opencv-matrix">
    <rows>3</rows>
    <cols>1</cols>
    <dt>d</dt>
    <data>
      2.1635776374467520e+02 2.0541025753760931e+02
      1.0666980529197908e+03</data></_>
  <_ type_id="opencv-matrix">
    <rows>3</rows>
    <cols>1</cols>
    <dt>d</dt>
    <data>
      2.2139467328108125e+02 2.0010956616873671e+02
      1.0278218146679467e+03</data></_>
  <_ type_id="opencv-matrix">
    <rows>3</rows>
    <cols>1</cols>
    <dt>d</dt>
    <data>
      2.3633622864488629e+02 1.2486842907803513e+02
      9.8636741798584285e+02</data></_>
  <_ type_id="opencv-matrix">
    <rows>3</rows>
    <cols>1</cols>
    <dt>d</dt>
    <data>
      2.4028622752668238e+02 1.8087286145355270e+02
      9.7793891179976561e+02</data></_>
  <_ type_id="opencv-matrix">
    <rows>3</rows>
    <cols>1</cols>
    <dt>d</dt>
    <data>
      1.8155883408650209e+02 1.7320051850912671e+02
      9.9580737246024296e+02</data></_>
  <_ type_id="opencv-matrix">
    <rows>3</rows>
    <cols>1</cols>
    <dt>d</dt>
    <data>
      2.3684122335651236e+02 1.9103204914798928e+02
      9.6323458658778759e+02</data></_>
  <_ type_id="opencv-matrix">
    <rows>3</rows>
    <cols>1</cols>
    <dt>d</dt>
    <data>
      2.4992481862370605e+02 1.9324160590284865e+02
      9.8018363824241931e+02</data></_>
  <_ type_id="opencv-matrix">
    <rows>3</rows>
    <cols>1</cols>
    <dt>d</dt>
    <data>
      2.1800437959803938e+02 1.9569105539305170e+02
      9.9423517010679541e+02</data></_>
  <_ type_id="opencv-matrix">
    <rows>3</rows>
    <cols>1</cols>
    <dt>d</dt>
    <data>
      2.4096542694488448e+02 2.0074435140012227e+02
      1.0345855954118679e+03</data></_>
  <_ type_id="opencv-matrix">
    <rows>3</rows>
    <cols>1</cols>
    <dt>d</dt>
    <data>
      2.4022686502646965e+02 1.7611291341037256e+02
      1.0586923255440126e+03</data></_>
  <_ type_id="opencv-matrix">
    <rows>3</rows>
    <cols>1</cols>
    <dt>d</dt>
    <data>
      1.9480173364073127e+02 1.7320878216189232e+02
      9.8627729240917597e+02</data></_>
  <_ type_id="opencv-matrix">
    <rows>3</rows>
    <cols>1</cols>
    <dt>d</dt>
    <data>
      2.0685749403231111e+02 1.9727606600582283e+02
      1.0320399955338153e+03</data></_>
  <_ type_id="opencv-matrix">
    <rows>3</rows>
    <cols>1</cols>
    <dt>d</dt>
    <data>
      2.4889250918142361e+02 1.9706122642587806e+02
      1.0024771068827642e+03</data></_></tvecs_l>
</opencv_storage>
